20150105|900000|3641.54
20150116|910592|3635.15
20150121|912887|3548.89
20150126|913903|3607.99
20150130|912555|3434.39
20150204|916434|3401.77
20150205|924241|3366.95
20150210|926995|3406.94
20150212|928459|3442.87
20150213|928919|3469.83
20150302|935715|3601.27
20150309|941249|3537.75
20150312|943411|3592.84
20150313|943708|3617.66
20150316|945560|3705.67
20150317|946864|3757.12
20150318|946526|3846.06
20150319|948877|3839.74
20150320|949609|3892.57
20150323|951192|3972.06
20150324|951338|3973.05
20150325|950560|3940.41
20150326|953078|3950.00
20150327|953570|3971.70
20150330|954903|4088.18
20150331|954994|4051.20
20150401|955154|4123.90
20150402|956019|4124.78
20150403|959459|4170.54
20150407|962045|4260.04
20150408|961181|4295.80
20150409|962846|4262.14
20150410|963410|4344.42
20150413|964557|4421.07
20150414|969439|4438.18
20150415|964465|4380.51
20150416|972369|4513.55
20150417|976602|4596.14
20150420|967303|4521.92
20150421|979121|4619.16
20150422|980250|4739.81
20150423|980646|4740.89
20150424|980879|4702.64
20150427|984810|4807.59
20150428|986067|4741.86
20150429|987698|4774.33
20150430|983568|4749.89
20150504|977064|4787.74
20150505|990494|4596.84
20150506|992810|4553.33
20150507|986690|4470.09
20150508|989198|4558.4
20150511|995399|4690.53
20150512|998876|4747.42
20150513|994675|4718.44
20150514|992510|4700.78
20150515|976920|4617.47
20150518|962353|4575.14
20150519|999188|4731.22
20150520|999453|4754.92
20150521|1000314|4840.98
20150522|1003024|4951.33
20150525|1003320|5099.50
20150526|1002537|5198.92
20150527|996936|5181.43
20150528|995633|4834.01
20150529|992778|4840.83
20150601|991516|5076.18
20150602|994041|5161.87
20150603|998246|5143.59
20150604|999234|5181.42
20150605|999807|5230.55
20150608|991717|5353.75
20150609|978509|5317.46
20150610|977154|5309.11
20150611|983786|5306.59
20150612|977172|5335.12
20150615|973043|5221.17
20150616|971745|5064.82
20150617|976566|5138.83
20150618|977618|4930.55
20150619|958174|4637.05
20150623|973641|4786.09
20150624|986028|4880.13
20150625|991335|4706.52
20150626|941425|4336.20
20150629|903732|4191.55
20150630|968105|4473 
20150701|913770|4253.02
20150702|896093|4108.00 
20150703|843513|3885.92
20150706|881319|3998.54
20150707|829037|3928
20150708|715306|3663.04
20150709|817517|3897.63
20150710|929667|4106.56
20150713|941069|4211.81
20150714|920377|4112.15
20150715|861965|3966.76
20150716|890400|3997.36
20150717|924967|4151.50
20150720|924466|4160.61
20150721|926585|4166.01
20150722|926111|4157.16 
20150723|926935|4250.80
20150724|926971|4176.28
20150727|908843|3818.73
20150728|914506|3811.09
20150729|935689|3930.38
20150730|922164|3815.41
20150731|923553|3816.70
20150803|926004|3829.24 
20150804|940172|3948.16 
20150805|938685|3866.90
20150806|937406|3831.85
20150807|947545|3906.94
20150810|950780|4084.36
20150811|950672|4066.67
20150812|950640|4016.13
20150813|951973|4075.46
20150814|952187|4073.54
20150817|952497|4077.87
20150818|938295|3825.41
20150819|950621|3886.14
20150820|940398|3762.30
20150821|907809|3589.54 
20150824|835234|3275.53|684898
20150825|777356|3042.93|619725
20150826|802766|3025.69|649135
20150827|840516|3205.64|432830
20150828|857867|3342.29|350000
20150831|858149|3366.54|350000
20150901|861322|3362.08|365241 
20150902|863204|3365.83|305304 
20150907|856249|3250.49|366065|154641|103522
20150908|867807|3334.02|325639|113600|165670
20150909|873981|3399.30|228548|16975|120280
20150910|870564|3357.56|309023|152440|68615
20150911|872027|3347.19|326603|67555|51475
20150914|860791|3281.13|531212|261670|45916
20150915|844905|3152.23|642532|225110|98010
20150916|872117|3309.25|225787|0|444085
20150917|868100|3237.0|303400|182035|100500
20150918|868318|3251.27|319702|16335|0
20150921|874328|3308.25|258772|82355|149330
20150922|877030|3339.03|193487|83880|151935
20150923|872818|3263.03|304047|198040|83350
20150924|875818|3285.00|323212|49330|33170
20150925|868856|3231.95|445912|162285|32665
20150928|871551|3242.75|432215|0|16350
20150929|863140|3178.85|455857|32110|0
20150930|866337|3202.95|458992|16120|16190
20151008|883872|3296.48|275302|0|201170
20151009|887294|3340.12|228082|0|50635
20151012|893420|3447.69|26400|0|207815
20151013|893484|3445.04|61095|52205|17510
20151014|892918|3406.11|77782|34700|17515
20151015|894288|3486.82|26595|17240|69785
20151016|894493|3534.06|500|0|35695
20151019|894589|3534.18|500|0|0
20151020|894623|3577.70|500|0|0
20151021|895019|3473.25|53257|52525|0
20151022|896209|3524.53|53937|52655|53160
20151023|896413|3571.24|500|0|53755
20151026|896515|3589.26|500|0|0
20151027|896552|3592.88|500|0|0
20151028|896497|3524.92|54042|53745|0
20151029|897056|3533.31|72038|71565|53965
20151030|897419|3534.08|72058|71600|71940
20151102|896171|3477.32|141352|88765|17830
20151103|894991|3465.49|177039|31964|0
20151104|899085|3628.54|18540|17595|174898
20151105|899021|3705.97|250|0|18433
20151106|899071|3793.37|250|0|0
20151109|899206|3840.36|250|0|0
20151110|899253|3833.24|250|0|0
20151111|899300|3833.65|250|0|0
20151112|899345|3795.32|250|0|0
20151113|899389|3746.24|250|0|0
20151116|899825|3764.13|17387|16835|0
20151117|899964|3758.39|19060|19035|17466
20151118|900253|3715.58|35900|33718|17136
20151119|900384|3774.97|0|0|35995
20151120|900423|3774.38|17213|17213|0
20151123|900601|3753.34|17127|17127|17269
20151124|900734|3753.89|17140|17001|17082
20151125|900822|3781.61|17178|17171|17185
20151126|900962|3759.43|17163|17176|17297
20151127|896085|3556.99|240653|229156|0
20151130|896809|3566.41|273201|80613|48730
20151201|899514|3591.7|242587|32422|65740
20151202|904060|3721.96|17068|16335|246451
20151203|904055|3749.3|17220|17199|17023
20151204|903144|3677.59|100716|84413|0
20151207|903033|3687.61|117110|16688|0
20151208|901921|3623.02|149058|49749|16674
20151209|902157|3635.94|149247|0|0
20151210|901371|3623.08|197820|66423|33593
20151211|900655|3608.06|232056|52620|17632
20151214|905564|3711.32|18112|17415|236189
20151215|905461|3694.39|78606|60629|0
20151216|905448|3685.44|74718|35595|39435
20151217|906115|3755.89|0|0|75269
20151218|906181|3767.91|0|0|0
20151221|906488|3865.96|0|0|0
20151222|906554|3876.73|0|0|0
20151223|906630|3866.38|0|0|0
20151224|906860|3829.40|0|0|0
20151225|906924|3838.20|0|0|0
20151228|906539|3727.63|67294|67775|0
20151229|907206|3761.88|67852|0|0
20151230|907303|3765.18|120230|52311|0
20151231|907351|3731.00|120217|103403|103481
20160104|894905|3469.07|296595|188940|0
20160105|897230|3478.78|364845|118829|52911
20160106|902442|3539.81|387170|17137|0
20160107|876019|3294.38|461741|101010|0
20160108|886596|3361.56|505044|155425|139424
20160111|863741|3192.45|585925|138536|17448
20160112|865191|3215.71|604351|33057|16087
20160113|859807|3155.88|632455|119448|86016
20160114|866123|3221.57|639513|35334|34610
20160115|846930|3118.73|670887|50552|0
20160118|846931|3130.73|670887|0|0
20160119|865984|3223.12|622173|33896|101704
20160120|854364|3174.38|660965|86026|35649
20160121|839171|3081.35|663157|70864|53516
20160122|846961|3113.46|670948|0|0
20160125|846637|3128.89|670299|0|0
20160126|811580|2940.51|635566|0|0
20160127|811256|2930.35|635242|0|0
20160128|797623|2853.76|621609|0|0
20160129|817099|2946.09|641085|0|0
20160201|806387|2901.05|630373|0|0
20160202|817099|2961.33|641085|0|0
20160203|809958|2948.64|633943|0|0
20160204|818073|2984.76|642058|0|0 
20160205|814827|2963.79|638812|0|0
20160215|808661|2946.71|632645|0|0
20160216|825540|3037.04|649524|0|0
20160217|829760|3063.32|653744|0|0
20160218|828786|3053.63|652770|0|0
20160219|827163|3051.58|651147|0|0
20160222|842744|3118.87|666728|0|0
20160223|834953|3089.36|658938|0|0
20160224|837875|3109.55|661859|0|0
20160225|805415|2918.75|629399|0|0
20160226|810933|2948.03|634917|0|0
20160229|804766|2877.47|628750|0|0
20160301|816127|2930.69|640111|0|0
20160302|841122|3051.33|665105|0|0
20160303|842095|3058.42|666079|0|0
20160304|864135|3093.89|603921|16504|100736
20160307|861130|3104.84|634566|33640|0
20160308|862450|3107.67|618849|49880|66952
20160309|860543|3071.91|616508|49640|50104
20160310|846177|3013.15|651879|66488|16776
20160311|848543|3018.28|654095|16335|16496
20160314|852352|3065.69|640635|66744|84040
20160315|859140|3074.78|597090|16528|66904
20160316|869476|3090.03|505141|34836|135712
20160317|868985|3124.2|504431|34152|34392
20160318|870948|3171.96|506342|17168|17248
20160321|883427|3249.44|448483|70072|140432
20160322|878613|3225.79|478481|52312|17520
20160323|879191|3236.09|496290|34664|17448
20160324|872170|3181.85|523444|68608|34464
20160325|873450|3197.82|541827|34272|17184
20160328|867444|3169.73|569700|68416|34568
20160329|862860|3135.41|615630|100526|50057
20160330|877480|3216.28|510582|17064|136776
20160331|877061|3218.09|510109|17208|17272
20160401|879456|3221.89|512239|102456|102784
20160405|881826|3264.49|479805|52008|86824
20160406|879707|3257.53|494919|34576|17352
20160407|873709|3209.29|540311|103144|51792
20160408|870041|3185.73|570506|67928|34088
20160411|875564|3230.1|507270|17208|85976
20160412|875116|3218.45|523933|17112|0
20160413|881895|3261.38|495604|69536|104688
20160414|883542|3275.83|479548|52128|69824
20160415|884473|3272.21|463042|0|17472
20160418|879466|3228.45|492404|51720|17352
20160419|881152|3238.3|494004|17248|17336
20160420|878999|3181.03|525400|102048|68544
20160421|879191|3160.6|490575|85648|120720
20160422|881677|3174.9|458365|51456|86184
20160425|879540|3162.03|473187|68472|51528
20160426|881230|3179.16|474731|34320|34480
20160427|879494|3165.92|507270|34272|0
20160428|879028|3159.46|506797|0|0
20160429|877379|3156.75|505141|0|0
20160503|883503|3211.58|441936|51504|120856
20160504|882100|3209.46|474951|34416|0
20160505|881713|3213.92|474510|17144|17208
20160506|869903|3130.35|581689|118968|0
20160509|860843|3065.62|622542|49920|0
20160510|860543|3069.11|622242|0|0
20160511|862762|3082.81|591114|16632|49992
20160512|864657|3090.14|592821|33024|33232

