

20160408

#buy
2.128|8000
2.121|8000
2.121|8000
2.121|8000


#sell

2.131|8000
2.130|8000



20160407

#buy
2.161|8000
2.153|8000
2.151|8000
2.141|8000
2.144|8000
2.143|8000

#sell
2.176|8000
2.148|8000
2.150|8000


20160406

#buy
2.161|8000
2.161|8000

#sell
2.169|8000



20160405

#buy
2.147|8000
2.181|8000
2.173|8000

#sell
2.155|8000
2.163|8000
2.168|8000
2.180|8000
2.187|8000


20160401

#buy
2.152|8000
2.142|8000
2.141|8000
2.131|8000
2.120|8000
2.121|8000

#sell
2.158|8000
2.126|8000
2.129|8000
2.138|8000
2.148|8000
2.149|8000



20160331

#buy
2.151|8000


#sell
2.159|8000


20160330

#buy
2.133|8000


#sell
2.121|8000
2.127|8000
2.128|8000
2.136|8000
2.142|8000
2.139|8000
2.145|8000
2.159|8000

20160329

#buy
2.117|8000
2.120|8000
2.111|8000
2.105|7600
2.112|8000
2.106|8000
#sell
2.129|8000
2.117|8000
2.117|7600

20160328

#buy
2.150|8000
2.144|8000
2.131|8000
2.127|8000

#sell
2.156|8000
2.165|8000

20160325

#buy

2.140|8000
2.144|8000

#sell
2.148|8000



20160324

#buy

2.151|8000
2.140|8000
2.144|8000
2.141|8000

#sell
2.150|8000
2.158|8000

20160323

#buy

2.165|8000
2.168|8000

#sell
2.181|8000



20160322

#buy

2.182|8000
2.181|8000
2.176|8000

#sell
2.190|8000


20160321

#buy
2.193|8000
2.194|8000
2.195|8000
2.177|8000

#sell
2.160|8000
2.179|8000
2.190|8000
2.199|8000
2.211|8000
2.210|8000
2.213|8000
2.192|8000

20160318

#buy
2.146|8000

#sell
2.156|8000


20160317

#buy
2.140|8000
2.129|8000
#sell
2.142|8000
2.157|8000

20160316

#buy

2.085|8000
2.087|8000

#sell

2.099|8000
2.099|8000
2.113|8000
2.119|8000
2.127|8000
2.129|8000
2.139|8000
2.139|8000

20160315

#buy

2.066|8000

#sell
2.081|8000
2.088|8000
2.093|8000
2.101|8000

20160314

#buy
2.103|8000
2.086|8000
2.077|8000
2.077|8000
#sell
2.083|8000
2.098|8000
2.098|8000
2.107|8000
2.119|8000


20160311

#buy
2.042|8000

#sell
2.062|8000



20160310

#buy

2.083|8000
2.081|8000
2.081|8000
2.066|8000



#sell
2.097|8000




20160309

#buy

2.072|8000
2.072|8000
2.061|8000


#sell

2.088|8000
2.088|8000
2.087|8000


20160308

#buy


2.093|8000
2.071|8000
2.071|8000

#sell
2.077|8000
2.078|8000
2.101|8000
2.113|8000



20160307

#buy

2.107|8000
2.098|8000
#sell



20160303

#buy

2.063|8000

#sell

2.086|8000
2.085|8000
2.091|8000
2.095|8000
2.109|8000
2.126|8000



20160121

#buy

2.075|8500
2.099|8500
2.086|8500
2.077|8500

#sell
2.090|8500
2.097|8500
2.109|8500


20160120

#buy

2.117|8000
2.111|8000
2.101|8000
2.079|8500
2.085|8500
#sell

2.096|8500
2.098|8500

20160119

#buy

2.111|8000
2.126|8000

#sell
2.107|8000
2.109|8000
2.119|8000
2.119|8000
2.123|8000
2.136|8000


20160115


#buy

2.119|8000
2.105|8000
2.095|8000

#sell

20160114



#buy

2.071|8500
2.086|8500

#sell

2.094|8000
2.101|8500



20160113



#buy

2.140|8000
2.141|8000
2.136|8000
2.131|8000
2.134|8000
2.132|8000
2.117|8000


#sell

2.152|8000
2.153|8000
2.158|8000
2.146|8000
2.143|8000


20160112



#buy
2.126|7500
2.139|8000
#sell
2.145|7500

20160111

#buy
2.176|8000
2.171|8000
2.171|8000
2.167|8000
2.171|8000
2.161|8000
2.168|8000
2.132|8000

#sell
2.181|8000




20160108

#buy

2.223|7500
2.215|8000
2.201|8000
2.201|8000

2.170|8000
2.167|8000
2.207|8000

2.231|7500
2.231|7500


#sell

2.239|7500
2.202|8000
2.211|8000
2.229|8000
2.227|8000
2.239|7500
2.245|8000
2.257|7500


20160107

#buy

2.281|7500
2.271|7500
2.244|7500
2.241|7500
2.231|7500
2.200|7500

#sell




20160106

#buy

2.285|7500

#sell


20160105

#buy

2.260|7400
2.231|7500
2.294|7500
2.286|7500
2.281|7500
2.271|7500
2.251|7500

#sell

2.305|7500
2.307|8000
2.289|7500

20160104

#buy


2.395|7100
2.383|7300
2.381|7100
2.375|7400
2.340|7000
2.336|7200
2.337|7200
2.327|8500
2.330|6900
2.326|7500
2.324|7200

#sell





20151231

#buy


2.418|7100
2.407|7200
2.418|7000
2.419|7000
2.417|7000
2.417|7500




#sell
2.429|14200
2.426|14400
2.432|7000
2.433|7000





20151229

#buy

2.421|7000
2.412|7600
2.399|7100



#sell

20151228

#buy

2.452|7000
2.432|6900
2.423|7000
2.410|7000


#sell


20151217

#buy



#sell
2.389|8000
2.389|8000
2.390|7500
2.390|8000

20151216

#buy

2.390|7500
2.390|9000


#sell
2.369|7500
2.377|7500



20151215

#buy

2.379|4500
2.375|7000
2.377|7000
2.380|7000

#sell



20151214

#buy

2.322|7500



#sell
2.357|7000
2.369|7000
2.382|7000
2.386|7000
2.385|7000
2.384|7000
2.385|7000
2.385|7500
2.389|7000
2.393|7500
2.393|7000
2.396|7000
2.397|7000
2.399|7000

20151211

#buy

2.336|7500
2.340|15000


#sell
2.351|7500




20151210

#buy

2.385|7000
2.386|7000
2.368|7000
2.350|7000

#sell
2.398|7000
2.401|7000


20151208

#buy

2.371|7000
2.367|7000
2.369|7000

#sell
2.382|7000


20151204

#buy

2.433|7000
2.423|7000
2.406|7000
2.398|7000
2.399|7000

#sell




20151203

#buy

2.457|7000

#sell

3.783|4500


20151202

#buy

3.630|4500

#sell

3.664|4500
3.669|4500
3.679|4500
3.681|4500
3.688|4500
3.689|4500

3.696|3700
3.699|4500

3.703|4500
3.706|4500

3.715|4500
3.719|4500
3.709|4500

3.703|4500
3.704|4500




20151201

#buy

3.581|4500
3.624|4500

#sell

3.625|4500
3.662|4500
3.659|4500
3.663|4500


20151130

#buy
3.613|4500
3.609|4500
3.573|4500
3.570|4500
3.549|4500



#sell
3.610|9000
3.609|4500




20151127

#buy
3.791|4500
3.777|4500
3.743|4500
3.719|4500
3.684|4500
3.673|3800
3.653|4500
3.620|4500
3.631|4500
3.634|4500
3.631|4500
3.627|4500
3.617|4500
3.695|4500

#sell


20151126
#buy
3.817|4500

#sell
2.471|7000



20151125
#buy
2.453|7000

#sell
3.819|4500


20151124
#buy
3.778|4500

#sell
3.796|4500


20151123
#buy

3.806|4500

#sell
2.467|7000

20151119
#buy


#sell
3.789|5000
3.789|4500


20151118
#buy
3.774|4500
3.719|4500
#sell
3.808|4500



20151117
#buy
3.807|5000
#sell
2.460|7100

20151116
#buy
2.405|7000

#sell




20151104
#buy


#sell
3.688|2700
3.685|2300

20151104
#buy

3.519|5000


#sell

3.557|4100
3.558|5000
3.559|5000
3.560|5000
3.561|5000
3.561|5000
3.561|5000
3.562|5000
3.565|5000

3.578|2500
3.574|2500




20151103

#buy

3.532|5000
3.489|4100

#sell




20151102

#buy
3.531|5000
3.558|5000
3.552|5000
3.530|5000
3.522|5000
#sell
3.566|5000

20151030

#buy
3.565|5000
3.585|5000
3.587|5000
3.583|5000

#sell
3.577|5000
3.599|5000
3.603|5000
3.609|5000

20151029

#buy

3.561|5000
3.583|5000
3.584|5000
3.585|5000

#sell
3.593|5000
3.591|5000
3.609|5000

20151028

#buy

3.591|5000
3.587|5000
3.571|5000

#sell

20151023

#buy


#sell
3.573|5000
3.589|5000
3.589|5000


20151022

#buy

3.525|5000
3.505|5000
3.501|5000


#sell
3.535|5000
3.553|5000
3.544|5000

20151021

#buy

3.511|5000
3.503|5000
3.491|5000

#sell



20151020

#buy



#sell


20151019

#buy



#sell



20151016

#buy



#sell

3.560|3700
3.579|3700


20151015

#buy

3.448|5000

#sell

3.471|5000
3.482|5000
3.496|5000
3.508|5000


20151014

#buy
3.478|5000
3.462|5000

#sell
3.503|5000


20151013

#buy

3.481|5000
3.464|5000
3.496|5000

#sell
3.502|5000



20151012

#buy

#sell

3.395|5000
3.399|5000
3.418|5000
3.436|5000
3.439|5000
3.451|5000
3.469|5000
3.488|5000
3.499|5000
3.509|5000
3.521|5000
3.539|5000

20151009

#buy

#sell
3.359|5000
3.379|5000
3.389|5000



20151008

#buy

#sell

3.355|20000
3.343|5000
3.342|5000
3.349|5000
3.353|5000
3.356|5000
3.355|5000
3.357|5000
3.359|5000



20150925

#buy
3.281|5000
3.267|5000
3.251|5000
3.251|5000
3.231|5000
3.227|5000
3.227|5000
3.250|5000
3.241|5000
3.231|5000

#sell
3.263|5000
3.270|5000



20150924


#buy
3.291|5000
3.281|5000
3.294|5000



#sell
3.319|5000
3.315|5000



20150923


#buy
3.300|15000
3.303|5000
3.331|5000
3.309|5000
3.301|5000
3.300|5000
3.291|5000
3.301|5000
3.291|5000
3.281|5000


#sell
3.335|5000
3.336|5000
3.336|5000
3.338|5000
3.325|5000



20150922

#buy

3.342|10000
3.367|5000
3.366|5000
3.359|5000

#sell

3.355|5000
3.359|5000
3.367|5000
3.379|5000
3.369|5000
3.374|5000
3.379|5000
3.396|5000
3.409|5000



20150921

#buy
3.231|5000
3.303|5000
3.306|5000
3.291|5000
3.340|5000

#sell

3.283|5000
3.290|5000
3.298|5000
3.311|5000
3.323|5000
3.323|5000
3.329|5000
3.350|5000
3.359|5000

20150918

#buy
3.307|5000

#sell


20150917

#buy
3.307|5000
3.311|5000
3.304|5000
3.301|5000
3.349|5000
3.349|5000
3.301|5000
3.312|5000
3.301|5000
3.291|5000
3.281|5000

#sell
3.328|5000
3.340|5000
3.338|5000
3.339|5000
3.375|5000
3.380|5000



20150916

#buy

#sell

3.250|5000
3.251|5000
3.253|5000
3.259|5000
3.251|5000
3.253|5000
3.245|5000
3.249|5000
3.249|5000

3.257|5000
3.269|5000
3.279|5000
3.271|5000
3.282|5000
3.282|5000
3.283|5000

3.285|5000
3.289|5000
3.299|5000


3.307|5000
3.319|5000

3.337|5000
3.339|5000
3.355|5000
3.359|5000

3.366|5000
3.379|5000


20150915

#buy
3.221|5000
3.211|5000
3.251|5000
3.243|5000
3.242|5000
3.231|5000
3.221|5000
3.213|5000
3.213|5000
3.212|5000
3.211|5000
3.201|5000
3.181|5000
3.171|5000

#sell

3.245|5000
3.273|5000
3.270|5000
3.270|5000
3.269|5000
3.275|5000



20150914

#buy

3.357|5000
3.351|5000
3.329|5000
3.301|5000
3.251|5000
3.265|5000
3.251|5000
3.243|5000
3.275|5000
3.251|5000
3.248|5000
3.241|5000
3.243|5000
3.246|5000
3.243|5000
3.239|5000

#sell

3.303|5000
3.304|5000
3.303|3900







20150911

#buy
3.391|5000
3.381|5000
3.361|5000
3.378|5000


#sell

3.439|5000
3.427|5000
3.429|5000


20150910

#buy

3.391|10000
3.389|10000
3.381|10000
3.393|5000
3.391|5000
3.382|5000

#sell

3.426|5000
3.429|5000
3.429|5000
3.439|5000



20150909

#buy

3.395|5000

#sell
3.399|5000
3.411|5000
3.438|5000
3.459|5000
3.457|5000
3.449|5000
3.443|5000

20150908

#buy

3.250|10000
3.271|5000
3.256|100
3.231|5000
3.201|10000
3.251|5000
#sell
3.291|5000
3.295|5000
3.245|5000
3.248|5000
3.275|5000
3.335|5000
3.339|5000
3.359|5000
3.365|5000
3.382|5000





